(总词数)	2854	6603	9457
(数字)	100	135	235
(日期)	6	12	18
(时间)	8	3	11
――	7	22	29
“	2	1	3
”	2	1	3
…	1	0	1
、	13	3	16
。	65	327	392
一	0	0	0
一丝一缕	1	0	1
一些	4	0	4
一任	1	0	1
一切	8	16	24
一座座	1	0	1
一无所有	1	0	1
一旦	1	2	3
一望无边	2	0	2
一望无际	1	0	1
一条条	1	0	1
一棵松	1	0	1
一棵棵	1	0	1
一步步	1	0	1
一生	5	0	5
一瞬间	1	2	3
一线光明	1	0	1
一般	2	1	3
一队队	2	0	2
一面	1	1	2
万物	1	3	4
丈夫	1	0	1
上	16	18	34
下	3	3	6
不	3	17	20
不了	1	0	1
不会	2	3	5
不住	4	0	4
不再	1	5	6
不到	1	0	1
不同	1	0	1
不平凡	1	0	1
不幸	0	0	0
不必	1	1	2
不断	1	0	1
不曾	2	1	3
不朽	1	1	2
不由	0	0	0
不由得	1	0	1
不知	3	2	5
不知不觉	1	0	1
不知名	1	0	1
不管	2	1	3
不能	3	2	5
不要	4	1	5
世界	6	4	10
丛	1	0	1
东西	1	0	1
丢	1	0	1
两样	1	0	1
严冬	1	0	1
严肃	1	0	1
个	28	23	51
个人	1	1	2
中	4	24	28
中间	2	2	4
为	4	12	16
为了	10	1	11
为什么	3	0	3
举动	1	0	1
乌云	1	0	1
乍	2	0	2
也	10	11	21
乡	1	1	2
书籍	1	0	1
了	30	12	42
事	1	1	2
事体	2	0	2
事物	2	4	6
云	2	0	2
些	10	0	10
交	1	1	2
交媾	1	0	1
交错	2	0	2
享	1	0	1
享用	1	0	1
亲密	5	1	6
人	4	24	28
人世	3	0	3
人们	1	2	3
人生	2	0	2
人类	1	2	3
人迹	1	0	1
人间	4	0	4
什么	6	10	16
什么是	1	2	3
从	17	23	40
他	4	45	49
他们	8	15	23
以外	1	0	1
以来	1	1	2
件	1	0	1
仿佛	2	4	6
会	5	3	8
伟大	1	0	1
伸	1	0	1
但	3	19	22
但愿	1	0	1
但是	7	0	7
低	1	0	1
住	6	1	7
何处	1	3	4
作	3	2	5
你	57	114	171
你们	8	40	48
依稀	1	0	1
依附	1	0	1
便	8	0	8
保持	1	0	1
保留	1	1	2
停息	2	0	2
健儿	1	0	1
健康	1	0	1
儿	1	0	1
儿子	1	0	1
儿孙	1	0	1
儿童	1	0	1
充满	1	1	2
光	5	4	9
光彩	1	0	1
光明	1	1	2
光照	1	0	1
入	5	5	10
全	1	4	5
全身	1	0	1
关联	1	4	5
关闭	1	0	1
养分	1	0	1
内	3	4	7
再见	1	0	1
写	1	0	1
农妇	1	0	1
冠盖	1	0	1
冰块	1	0	1
冲	1	0	1
冷	2	0	2
准备	2	0	2
凋落	1	0	1
凋零	1	0	1
凌空	1	0	1
凝结	1	0	1
几	9	2	11
几个	2	0	2
出	5	8	13
出乎意料	1	0	1
出来	3	0	3
出现	2	1	3
分	1	0	1
分成	2	0	2
分歧	1	0	1
分裂	1	0	1
刚刚	1	4	5
创	1	0	1
初	1	0	1
初次	1	0	1
初生	1	0	1
利	1	0	1
别离	3	0	3
到	6	4	10
到处	1	0	1
前	6	1	7
前生	1	0	1
剥	1	0	1
剩下	2	0	2
力量	1	4	5
加	1	0	1
化	3	2	5
化成	6	0	6
化身	2	0	2
匹	1	1	2
区分	1	0	1
升华	1	0	1
半月	1	0	1
单	1	2	3
占	1	2	3
危险	2	3	5
却	9	12	21
原野	8	2	10
去	2	10	12
去处	1	0	1
参加	1	0	1
又	11	8	19
发光	1	0	1
发现	1	0	1
发肤	1	0	1
取	2	0	2
变	2	0	2
变幻	1	1	2
变成	1	0	1
变质	1	0	1
古	1	2	3
古代	1	1	2
句	1	1	2
另	0	2	2
另一个	1	0	1
只	11	9	20
只有	2	4	6
可	3	12	15
可怜	1	0	1
可是	4	8	12
叶	1	2	3
叹息	1	2	3
各自	2	1	3
吊桥	1	0	1
同样	2	2	4
名姓	1	0	1
名称	2	2	4
名言	1	0	1
后	2	0	2
向	12	11	23
向上	1	2	3
向往	2	0	2
向日	1	0	1
吠	2	0	2
否定	1	0	1
吧	1	17	18
听	6	3	9
听到	1	0	1
启明	1	0	1
启示	1	0	1
吸	1	0	1
吹	1	1	2
吹入	1	0	1
呈	1	0	1
呼叫	1	0	1
呼吁	1	0	1
呼应	1	0	1
命	3	0	3
命运	1	7	8
和	12	31	43
和暖	2	0	2
哀歌	1	0	1
哪	4	3	7
哭声	1	0	1
唱	2	1	3
啊	1	3	4
啼哭	2	0	2
喧哗	1	0	1
喧嚣	1	1	2
四围	1	0	1
回	4	1	5
回到	3	1	4
回去	1	0	1
回春	1	0	1
回来	2	2	4
土	1	0	1
土豆	1	0	1
圣	2	1	3
在	65	91	156
地	8	17	25
地方	3	2	5
埃	1	1	2
埋怨	1	0	1
城	2	0	2
城市	2	1	3
堕落	2	0	2
塔	1	0	1
填	1	0	1
墙壁	1	0	1
壮美	1	0	1
声	2	3	5
声音	1	2	3
壳	1	0	1
壶	1	0	1
处	2	0	2
处处	1	0	1
复活	1	1	2
外	1	0	1
多	1	3	4
多半	1	0	1
多少	9	3	12
夜	5	2	7
夜深	1	0	1
夜色	1	0	1
夜风	1	0	1
大	1	2	3
大海	1	1	2
天	4	3	7
天天	2	0	2
天空	2	2	4
天边	2	0	2
太	1	5	6
太空	1	0	1
太阳	1	0	1
夫妇	1	0	1
头	4	2	6
奇迹	1	0	1
奔	1	1	2
好	9	2	11
如	1	5	6
如今	3	3	6
如果	1	0	1
姓名	1	0	1
姿态	1	0	1
威尼斯	1	0	1
婴儿	1	0	1
子孙	1	1	2
存在	1	13	14
孤	1	1	2
学习	1	2	3
宁静	2	1	3
它	13	82	95
它们	4	20	24
宇宙	3	2	5
安排	4	0	4
完了	1	0	1
完成	1	4	5
定	1	0	1
定形	1	0	1
宛转	1	0	1
实在	1	0	1
家庭	1	0	1
寂寞	4	0	4
对	2	7	9
对面	1	0	1
寻	1	1	2
将来	3	0	3
小	3	1	4
小小	1	1	2
小心翼翼	1	0	1
小狗	1	0	1
小草	2	0	2
小路	6	0	6
尘	1	0	1
就	4	14	18
就是	2	7	9
居住	1	0	1
展开	1	0	1
山坡	1	0	1
山巅	2	0	2
山川	2	0	2
山村	1	0	1
山水	1	0	1
屹然不动	1	0	1
岁月	2	1	3
岛	2	0	2
岛屿	1	0	1
嵌	1	1	2
工作	2	0	2
已	4	18	22
已经	3	3	6
市	2	0	2
市民	1	0	1
希望	1	2	3
带来	1	0	1
带走	1	0	1
常常	4	2	6
平凡	2	0	2
平原	3	0	3
平静	1	1	2
年	4	3	7
年前	1	0	1
年纪	1	0	1
年龄	1	0	1
并	0	12	12
并没有	1	0	1
幻灭	1	0	1
广漠	1	0	1
度过	2	0	2
座	5	1	6
廛	1	0	1
开	3	0	3
引出	1	0	1
引导	1	0	1
归	2	3	5
当	2	8	10
彗星	2	0	2
形体	1	0	1
形容	1	0	1
形象	1	6	7
得	0	6	6
得到	3	1	4
微弱	1	1	2
微笑	1	2	3
心	3	12	15
心意	1	0	1
心慌	1	0	1
心灵	1	3	4
心里	1	2	3
忍受	1	0	1
忘	1	0	1
忘却	1	1	2
忘记	1	0	1
忧患	1	0	1
忧愁	1	0	1
念	2	0	2
忽然	8	0	8
怀	2	1	3
怎么	1	0	1
怎样	2	8	10
怕	1	1	2
思	1	0	1
思虑	1	0	1
悄	1	2	3
悲欢	1	0	1
情怀	1	0	1
惩罚	1	0	1
想	3	2	5
想到	2	0	2
意义	1	2	3
意想不到	1	0	1
愚蠢	2	0	2
感到	6	2	8
感受	2	0	2
感叹	1	0	1
感谢	2	0	2
愿	1	4	5
成	2	4	6
成为	1	0	1
成就	1	0	1
成熟	1	8	9
成长	1	1	2
我	18	34	52
我们	71	90	161
或	2	6	8
或是	2	2	4
战场	2	0	2
战士	1	0	1
房	2	0	2
扁柏	1	0	1
扇	1	0	1
才能	1	1	2
承受	1	1	2
把	20	10	30
投向	1	0	1
投身	1	0	1
抚摸	1	0	1
抱	1	0	1
抵御	1	1	2
担	1	0	1
担负	1	0	1
拉	1	0	1
拉手	1	0	1
招	1	1	2
招手	1	1	2
拥抱	1	0	1
振	1	0	1
换	2	0	2
排	1	0	1
排列	1	0	1
掠	1	0	1
接连	1	0	1
插入	1	1	2
摆设	2	0	2
摒弃	1	0	1
放弃	1	0	1
散开	1	0	1
整个	2	0	2
断	1	0	1
断线	1	1	2
新	5	4	9
新生	1	0	1
新鲜	1	1	2
旁	1	0	1
旗	3	0	3
无	2	1	3
无从	1	0	1
无名	1	0	1
无形	2	0	2
无数	1	0	1
无穷	1	2	3
日	3	3	6
日落	1	1	2
旧	4	1	5
时	6	4	10
时代	2	1	3
时常	1	0	1
时序	1	0	1
时时	1	0	1
旷远	1	1	2
昆虫	1	0	1
明星	1	0	1
昏	1	0	1
星	1	1	2
星星	1	0	1
星辰	2	2	4
映	1	3	4
是	26	44	70
晤面	1	0	1
晴	1	0	1
晴空	2	0	2
暂住	1	0	1
暖	1	0	1
暗自	1	0	1
暴雨	3	0	3
曲	0	0	0
更	1	15	16
曾经	2	3	5
最好	1	1	2
最爱	1	1	2
有	20	34	54
有些	2	3	5
有人	1	0	1
有如	1	0	1
有时	2	6	8
有的	2	0	2
朋友	2	5	7
朗	1	0	1
望	3	1	4
期待	1	1	2
朦胧	1	0	1
未	1	1	2
未来	1	2	3
村	1	0	1
杜甫	1	0	1
条	6	2	8
条条	0	0	0
来	10	10	20
来到	2	0	2
林	1	0	1
果	1	1	2
架	1	0	1
某某	2	0	2
树	4	10	14
树叶	1	1	2
树木	1	3	4
树身	1	0	1
根	1	5	6
框子	2	0	2
案	2	0	2
桥	2	0	2
梦	5	0	5
梦幻	1	0	1
梦想	2	0	2
梵	1	0	1
棵	1	3	4
棵棵	0	0	0
椭圆	1	0	1
楼	1	0	1
楼上	1	0	1
模样	1	2	3
次	7	7	14
歌唱	1	14	15
歌声	4	7	11
歌德	1	0	1
歌曲	1	0	1
正当	1	0	1
步	0	2	2
步履	2	0	2
步步	0	0	0
歪扭	1	0	1
死	7	5	12
死亡	2	2	4
死伤	1	0	1
残	1	2	3
段	1	0	1
殿堂	1	0	1
毁坏	1	0	1
毁弃	1	0	1
母	1	0	1
母亲	1	0	1
水	8	3	11
水上	1	0	1
水城	1	0	1
水流	1	0	1
永	1	1	2
永不	2	2	4
永久	1	0	1
永生	1	0	1
永远	2	1	3
江	1	0	1
沉	2	2	4
沉埋	1	0	1
沉重	1	6	7
沙漠	1	0	1
沟壑	1	0	1
没有	8	12	20
沦亡	1	0	1
河水	2	0	2
泛滥	2	0	2
泥	2	0	2
泥土	2	2	4
泥沙	1	0	1
洁白	1	1	2
活泼	1	0	1
流	1	0	1
浓郁	1	0	1
浓雾	1	0	1
浮云	1	0	1
海	1	2	3
海水	1	0	1
海盐	1	0	1
消沉	1	0	1
消没	1	0	1
消溶	1	2	3
淋	1	0	1
深	0	2	2
深山	3	0	3
深情	1	0	1
深深	1	0	1
深深地	1	0	1
深邃	1	0	1
添	1	0	1
游戏	2	3	5
渺小	1	0	1
湖	1	0	1
满	1	4	5
演化	1	0	1
漫长	1	3	4
潮湿	1	0	1
火	1	1	2
火焰	2	2	4
灯	1	1	2
灯光	1	1	2
炉	1	1	2
点	3	0	3
烂	1	0	1
烈日	1	0	1
热情	1	0	1
热烘烘	1	0	1
照	1	0	1
熟悉	1	0	1
熟路	1	0	1
燃	3	0	3
燃起	1	0	1
爱	1	5	6
爱惜	2	0	2
片	7	1	8
狂风	5	0	5
狭窄	2	1	3
玉树	1	0	1
玩具	1	1	2
瓶	1	0	1
瓷	1	0	1
生	6	2	8
生命	12	2	14
生机	1	0	1
生死	1	0	1
生活	1	1	2
生疏	3	0	3
生长	4	1	5
用	2	6	8
用具	3	0	3
田野	1	0	1
由	0	0	0
男女	1	0	1
画	2	0	2
画家	1	0	1
疏	1	0	1
疑问	1	0	1
病	2	1	3
白	1	1	2
白发	1	1	2
白昼	1	0	1
的	239	482	721
皮	1	0	1
监狱	1	0	1
盛年	1	0	1
相逢	1	0	1
看	7	4	11
看成	1	0	1
看见	2	0	2
真切	1	0	1
眩	1	0	1
眼	1	3	4
眼前	3	1	4
眼泪	1	0	1
着	34	9	43
睡	1	6	7
睡梦	1	0	1
瞬间	0	1	1
知	1	1	2
知名	0	0	0
知道	1	9	10
矿苗	1	0	1
祈求	1	0	1
祈祷	2	0	2
祝	1	0	1
神	1	17	18
祭	1	0	1
秋日	1	0	1
秋风	3	0	3
秒	1	0	1
秩序	1	1	2
空	2	1	3
空中	1	2	3
空气	1	0	1
空空	2	1	3
窗	2	0	2
窗外	3	0	3
站立	2	0	2
竟会	1	0	1
童	1	0	1
笑	2	0	2
筑	1	0	1
算是	1	0	1
管	1	1	2
紧紧	1	0	1
红	3	0	3
纪念	1	0	1
纵横	1	0	1
纷杂	1	0	1
纷纭	1	0	1
纸鸢	1	0	1
织	1	0	1
终	2	4	6
终日	1	0	1
经过	1	0	1
经验	2	2	4
结	1	0	1
结成	1	0	1
结束	1	1	2
给	6	5	11
绝望	2	0	2
维护	1	0	1
维系	1	0	1
绿草	1	0	1
美妙	1	0	1
翼	1	0	1
老人	1	2	3
者	2	10	12
耕耘	1	0	1
耳	1	2	3
肩头	1	0	1
背阴	1	0	1
胎	1	0	1
能	4	11	15
能够	2	0	2
脉	1	0	1
脱	1	0	1
脱去	1	0	1
脱落	3	0	3
自主	1	0	1
自从	1	2	3
自己	4	20	24
自然	1	4	5
自身	1	5	6
舒	1	0	1
舞蹈	1	3	4
船	1	1	2
船夫	1	0	1
艰苦	2	0	2
花	2	9	11
花朵	1	0	1
苍穹	1	0	1
英雄	2	0	2
茅屋	1	0	1
茫茫	1	0	1
茸茸	1	0	1
草	0	0	0
草木	1	0	1
草黄	1	0	1
荒山	1	0	1
荒村	1	0	1
荒芜	1	0	1
荣	1	0	1
营养	1	0	1
萦回	1	0	1
萧萧	1	0	1
落	1	0	1
蔡	0	0	0
蔡元培	1	0	1
藏	1	0	1
蛇	1	0	1
蛾	1	0	1
蜕化	1	0	1
蝉	1	0	1
融	2	2	4
融合	2	0	2
血	1	2	3
行	1	0	1
行人	5	1	6
行程	1	0	1
衔	2	0	2
街衢	1	0	1
衣裳	1	0	1
被	3	16	19
西方	1	0	1
要	4	2	6
要求	1	2	3
见	1	1	2
规定	1	0	1
觉	2	0	2
觉得	2	4	6
言	1	3	4
言语	1	5	6
警醒	2	1	3
认出	1	1	2
认识	3	7	10
让	6	13	19
记得	1	1	2
记忆	1	2	3
许	1	1	2
许多	5	3	8
证实	1	0	1
诗	1	3	4
诗篇	1	0	1
语	1	3	4
语声	3	0	3
说	2	6	8
谁	3	15	18
调整	1	0	1
谈话	1	0	1
谢	1	0	1
象	25	2	27
象征	1	0	1
货物	1	0	1
贫穷	3	0	3
赞颂	1	0	1
走	11	2	13
起	5	0	5
超越	1	3	4
越	2	0	2
距离	1	1	2
路	1	3	4
路上	1	0	1
路旁	1	0	1
踏	2	0	2
蹊径	3	0	3
身	4	7	11
身体	3	0	3
身躯	1	1	2
身边	3	0	3
躯壳	1	0	1
躲避	1	0	1
转	1	2	3
轮替	1	0	1
轻盈	1	1	2
辛苦	1	0	1
辜负	2	0	2
边	1	0	1
边缘	1	2	3
辽远	1	0	1
辽阔	1	0	1
迅	0	1	1
过	8	8	16
过去	4	0	4
过去未来	1	0	1
过头	1	0	1
过来	1	0	1
迎接	1	0	1
运	3	0	3
运行	2	0	2
还	3	4	7
还是	1	2	3
还有	2	2	4
这	18	42	60
这个	5	2	7
这些	3	5	8
这样	3	5	8
这般	1	1	2
这里	3	3	6
远	2	0	2
远处	1	0	1
远方	6	6	12
远景	1	0	1
迟	1	0	1
迫切	1	0	1
迷途	1	0	1
道	1	1	2
道破	1	0	1
道路	3	1	4
遮盖	1	0	1
那	6	30	36
那个	1	4	5
那些	4	3	7
那些不幸者	1	0	1
那儿	1	0	1
那样	3	1	4
郊外	2	0	2
都	18	2	20
都是	2	0	2
里	37	8	45
里外	3	0	3
里边	1	0	1
里面	1	1	2
重新	1	0	1
重重	1	0	1
铄	0	0	0
铜	1	1	2
长	1	3	4
长庚	1	0	1
闪	1	0	1
闪铄	1	0	1
闭上	1	0	1
问	1	5	6
间	1	1	2
队	0	0	0
队队	0	0	0
阡陌	1	0	1
阳光	2	2	4
阴郁	1	0	1
阵风	1	0	1
际	1	0	1
陈列	1	0	1
陌生	1	1	2
降生	4	0	4
降落	1	0	1
院	1	0	1
陨石	1	0	1
陨落	1	0	1
陶	1	0	1
随	4	2	6
随处	1	0	1
随时	5	0	5
隐约	1	0	1
隐藏	1	1	2
集	1	0	1
集体	1	0	1
雨	4	0	4
青	0	0	0
青山	1	0	1
青年	1	0	1
青年人	1	0	1
青松	1	0	1
青青	0	0	0
青青的	1	0	1
静	2	2	4
静物	1	0	1
静默	1	0	1
面	4	0	4
面容	3	0	3
音乐	3	5	8
韵律	1	0	1
领	1	0	1
领受	2	0	2
风	4	5	9
风雨	1	0	1
风风雨雨	1	0	1
飘扬	1	1	2
飞	1	3	4
飞翔	3	3	6
飞虫	1	0	1
飞蛾	1	0	1
飞鸟	2	0	2
饥肠	1	0	1
首	1	1	2
马	1	2	3
驮	1	1	2
驮马	2	0	2
骄傲	1	3	4
高	2	2	4
高处	1	0	1
高空	1	0	1
高耸	1	0	1
高贵	1	0	1
高高	2	1	3
鲁	0	0	0
鲁迅	1	0	1
鸟	2	2	4
鹏	1	0	1
黄花	1	0	1
黑夜	2	1	3
默默	2	3	5
鼠	0	0	0
鼠曲草	1	0	1
！	2	30	32
（	1	5	6
）	1	5	6
，	197	608	805
：	19	30	49
；	15	36	51
？	12	51	63
［	1	0	1
］	1	0	1
?	0	2	2
……	0	29	29
一代代	0	1	1
一再	0	2	2
一刻	0	2	2
一度	0	3	3
一挥而就	0	1	1
一无所求	0	1	1
一样	0	3	3
一边	0	1	1
一道	0	2	2
一阵风	0	1	1
丁香	0	1	1
万岁	0	1	1
上空	0	1	1
不下	0	1	1
不亚于	0	1	1
不关	0	1	1
不只	0	1	1
不可	0	2	2
不可企及	0	1	1
不可名状	0	2	2
不可思议	0	1	1
不可言喻	0	1	1
不堪	0	1	1
不已	0	1	1
不愿	0	1	1
不是	0	8	8
不用	0	1	1
不知道	0	2	2
不行	0	1	1
不该	0	1	1
不过	0	2	2
与	0	17	17
且	0	1	1
世	0	1	1
世间	0	1	1
丝毯	0	1	1
丝线	0	1	1
两极	0	1	1
两端	0	1	1
严厉	0	1	1
严密	0	1	1
严格	0	1	1
中介	0	1	1
中心	0	1	1
中断	0	1	1
中止	0	1	1
丰盈	0	2	2
丰盛	0	1	1
串	0	1	1
临	0	1	1
临终	0	1	1
临近	0	1	1
主	0	3	3
主人	0	2	2
主见	0	1	1
举起	0	1	1
乃	0	1	1
久	0	1	1
久久	0	1	1
久远	0	2	2
之	0	52	52
之下	0	2	2
之中	0	13	13
之前	0	1	1
之处	0	2	2
之间	0	2	2
乌有	0	1	1
乐	0	3	3
乐意	0	1	1
乐趣	0	1	1
乞丐	0	1	1
乞求	0	1	1
习俗	0	1	1
书	0	1	1
乱	0	1	1
了不起	0	1	1
了解	0	1	1
予	0	3	3
二者	0	2	2
于	0	21	21
于他	0	1	1
于是	0	1	1
互不	0	1	1
互相	0	1	1
亚	0	0	0
亚平宁	0	1	1
交会	0	1	1
交换	0	1	1
交易	0	1	1
交欢	0	1	1
交谈	0	1	1
交际	0	1	1
产物	0	1	1
享有	0	1	1
亲吻	0	1	1
亲缘	0	1	1
人民	0	1	1
仇敌	0	1	1
介意	0	1	1
仍	0	3	3
仍在	0	1	1
仍是	0	2	2
仍然	0	3	3
从不	0	3	3
从众	0	1	1
从容	0	1	1
从未	0	5	5
从来	0	1	1
从毁灭者	0	1	1
仓促	0	1	1
仙女	0	1	1
代	0	0	0
代序	0	1	1
令	0	2	2
以	0	9	9
以为	0	4	4
以后	0	1	1
以此	0	1	1
们	0	0	0
仰仗	0	1	1
任何	0	3	3
任凭	0	4	4
份	0	3	3
企及	0	1	1
伊斯法罕	0	1	1
休	0	1	1
休止	0	1	1
众	0	4	4
众多	0	1	1
众生	0	1	1
优美	0	1	1
伟	0	1	1
传说	0	1	1
伤痕	0	1	1
估量	0	1	1
伴	0	1	1
伴随	0	3	3
伸出	0	1	1
似	0	3	3
似乎	0	3	3
但须	0	1	1
位	0	6	6
位置	0	2	2
何其	0	1	1
何时	0	5	5
余火	0	1	1
佛	0	1	1
作为	0	2	2
作品	0	1	1
作对	0	1	1
作践	0	1	1
使	0	4	4
使之	0	1	1
使唤	0	1	1
使者	0	2	2
例证	0	1	1
供	0	1	1
供奉	0	3	3
依然	0	3	3
侯	0	1	1
侵袭	0	1	1
俄	0	1	1
俄国	0	1	1
俊美	0	1	1
保	0	1	1
信号	0	1	1
俭	0	1	1
俱	0	2	2
倒影	0	1	1
倘佯	0	1	1
借	0	1	1
值得	0	1	1
倾听	0	2	2
倾听者	0	1	1
倾心	0	1	1
倾斜	0	1	1
倾诉	0	2	2
假如	0	1	1
偏	0	1	1
偏见	0	1	1
做	0	3	3
停	0	2	2
偶尔	0	2	2
偶然	0	1	1
偿	0	1	1
像	0	26	26
允许	0	1	1
允诺	0	1	1
充实	0	3	3
充当	0	2	2
充盈	0	3	3
先	0	2	2
先前	0	2	2
光亮	0	1	1
光滑	0	1	1
光芒四射	0	1	1
光阴	0	1	1
克	0	1	1
免	0	1	1
入口	0	1	1
公园	0	1	1
共同	0	2	2
其	0	1	1
其中	0	2	2
其他	0	1	1
兽	0	3	3
内壁	0	1	1
内心	0	5	5
再	0	3	3
再也不会	0	1	1
再度	0	2	2
冒险	0	0	0
冒险者	0	1	1
农夫	0	1	1
冠	0	1	1
冲出	0	1	1
决心	0	3	3
减免	0	1	1
凝	0	1	1
凝固	0	1	1
几乎	0	5	5
几多	0	1	1
凡是	0	1	1
凭	0	1	1
凯尔奈克	0	1	1
出自	0	4	4
凿岩	0	1	1
分享	0	1	1
分离	0	1	1
分身	0	1	1
分隔	0	1	1
切忌	0	1	1
切莫	0	3	3
刑法	0	1	1
创始	0	1	1
创造	0	2	2
别	0	2	2
别样	0	1	1
刻	0	1	1
刻刻	0	0	0
刻印	0	1	1
削弱	0	1	1
前者	0	2	2
前额	0	1	1
剥蚀	0	1	1
副	0	1	1
割裂	0	1	1
力	0	4	4
加油	0	1	1
动	0	3	3
动物	0	1	1
劲健	0	1	1
勇气	0	1	1
勒	0	1	1
匆匆	0	1	1
化为	0	4	4
十	0	0	0
十四行诗	0	1	1
十字路口	0	1	1
升	0	2	2
升格	0	1	1
升起	0	3	3
半空	0	1	1
单单	0	1	1
南方	0	1	1
卧	0	1	1
即	0	1	1
即使	0	1	1
即将	0	1	1
即或	0	1	1
却又	0	1	1
卷曲	0	1	1
历经	0	1	1
压住	0	1	1
压倒	0	2	2
压力	0	1	1
厌	0	1	1
参	0	1	1
参与	0	1	1
叉	0	1	1
及	0	1	1
友谊	0	1	1
双	0	1	1
双肩	0	1	1
双重	0	2	2
发出	0	3	3
发掘	0	1	1
发生	0	2	2
受	0	1	1
受命	0	1	1
受宠	0	1	1
受用	0	1	1
受苦	0	1	1
变化	0	1	1
变形	0	3	3
变得	0	3	3
口	0	3	3
古典	0	1	1
古往今来	0	1	1
古琴	0	7	7
古老	0	3	3
只可	0	1	1
只因	0	1	1
只要	0	1	1
只讲	0	1	1
只需	0	1	1
只须	0	1	1
叫	0	3	3
召回	0	1	1
可以	0	3	3
可口	0	1	1
可怕	0	1	1
可望	0	1	1
可能	0	1	1
可见	0	1	1
台	0	0	0
号角	0	1	1
叹	0	1	1
合一	0	2	2
合成	0	1	1
合理	0	1	1
同一	0	1	1
同室操戈	0	1	1
同时	0	1	1
同行	0	1	1
名字	0	1	1
吗	0	5	5
否	0	1	1
否则	0	1	1
吩咐	0	1	1
含	0	1	1
含义	0	1	1
含羞	0	1	1
听见	0	2	2
启迪	0	1	1
吹拂	0	1	1
呈现	0	1	1
告诉	0	2	2
呜呼	0	1	1
周围	0	1	1
味	0	1	1
呵	0	2	2
呼吸	0	6	6
呼唤	0	6	6
呼唤者	0	1	1
呼啸	0	1	1
命名	0	1	1
咆哮	0	1	1
和平	0	1	1
和谐	0	1	1
咒语	0	1	1
哀伤	0	1	1
品尝	0	2	2
哉	0	1	1
响	0	1	1
响起	0	2	2
哑	0	2	2
哦	0	28	28
哪些	0	3	3
哪里	0	2	2
哼哼	0	1	1
唤	0	1	1
唯	0	10	10
唯一	0	2	2
商店	0	1	1
啜	0	1	1
啼鸣	0	2	2
喀	0	1	1
喀斯特	0	1	1
喑哑	0	1	1
喜欢	0	3	3
喜气洋洋	0	1	1
喧	0	1	1
喷涌	0	1	1
嘴	0	1	1
嘶鸣	0	1	1
嘹亮	0	1	1
器	0	1	1
器具	0	1	1
嚎叫	0	1	1
囊括	0	1	1
四	0	0	0
四处	0	1	1
四季	0	1	1
四散	0	1	1
回荡	0	1	1
回避	0	1	1
因	0	4	4
因为	0	11	11
因子	0	1	1
园	0	0	0
园丁	0	1	1
围绕	0	2	2
固守	0	1	1
固有	0	1	1
固然	0	1	1
国度	0	2	2
国王	0	1	1
图像	0	3	3
图案	0	2	2
圆	0	1	1
圆全	0	1	1
圆柱	0	2	2
圆满	0	1	1
圈	0	1	1
土地	0	1	1
圣洁	0	1	1
在场	0	1	1
在此	0	0	0
在此者	0	1	1
在近者	0	1	1
地下	0	2	2
地球	0	1	1
场	0	2	2
坚固	0	3	3
坚实	0	1	1
坚硬	0	1	1
坟墓	0	1	1
坠	0	1	1
坠落	0	2	2
垂成	0	1	1
垂挂	0	1	1
城堡	0	1	1
域	0	1	1
培植	0	1	1
堆积	0	1	1
堇	0	0	0
境	0	2	2
境界	0	1	1
墓地	0	1	1
墓碑	0	1	1
增	0	1	1
壁炉	0	1	1
壮丽	0	1	1
声声	0	1	1
声浪	0	1	1
处于	0	1	1
处女	0	1	1
复	0	3	3
复仇	0	2	2
复苏	0	1	1
夏日	0	1	1
多么	0	1	1
多次	0	1	1
夜夜	0	1	1
夜里	0	1	1
大厅	0	1	1
大地	0	14	14
大山	0	1	1
大师	0	1	1
大概	0	1	1
大理	0	0	0
大理石	0	2	2
大胆	0	2	2
大自然	0	1	1
大道	0	1	1
大风	0	2	2
天使	0	1	1
天地	0	0	0
天地间	0	1	1
天性	0	3	3
天线	0	2	2
太古	0	1	1
失落	0	3	3
头盔	0	1	1
头颅	0	1	1
夸张	0	1	1
夸耀	0	1	1
夺去	0	1	1
奇异	0	2	2
奇异的	0	1	1
奇特	0	1	1
奔突	0	1	1
奔腾	0	1	1
奠	0	1	1
奥	0	3	3
女	0	1	1
女人	0	1	1
女孩	0	1	1
奴仆	0	1	1
奴隶	0	1	1
她	0	28	28
她们	0	6	6
好似	0	1	1
如云	0	1	1
如是	0	1	1
如此	0	5	5
如若	0	1	1
妆	0	1	1
妒忌	0	1	1
始祖	0	1	1
始终	0	3	3
姐妹	0	2	2
姿势	0	1	1
威势	0	1	1
威胁	0	2	2
娓娓	0	1	1
娴熟	0	1	1
婉拒	0	1	1
子嗣	0	1	1
季节	0	1	1
孤独	0	3	3
学	0	1	1
学会	0	1	1
孩子	0	5	5
孩子们	0	1	1
孩童	0	2	2
孽障	0	1	1
宇宙空间	0	1	1
守	0	1	1
守护	0	1	1
安居	0	1	1
安息	0	2	2
完整	0	2	2
完满	0	2	2
完结	0	1	1
宝藏	0	1	1
实	0	1	1
审判	0	0	0
审判者	0	1	1
客	0	1	1
宣称	0	1	1
害怕	0	1	1
宴席	0	1	1
家	0	1	1
宽容	0	2	2
寂	0	1	1
寂静	0	3	3
富	0	1	1
察觉	0	2	2
寥寥无几	0	1	1
对象	0	1	1
寻常	0	2	2
寻找	0	1	1
寻求	0	1	1
封	0	1	1
封闭	0	1	1
将	0	11	11
少女	0	11	11
少年	0	2	2
尔	0	5	5
尔后	0	1	1
尖叫	0	1	1
尘世	0	4	4
尘土	0	1	1
尘封	0	1	1
尚未	0	1	1
尝	0	1	1
尝试	0	4	4
就寝	0	1	1
尽管	0	1	1
层	0	1	1
层层	0	1	1
居	0	1	1
居室	0	1	1
居然	0	2	2
屏息	0	1	1
属	0	2	2
属于	0	6	6
山上	0	1	1
山崖	0	1	1
山案座	0	1	1
山麓	0	1	1
岁	0	1	1
岂不	0	1	1
岑寂	0	1	1
岩石	0	3	3
崇高	0	1	1
巡行	0	1	1
巢穴	0	1	1
工厂	0	1	1
巨	0	1	1
已是	0	1	1
布满	0	1	1
带	0	5	5
帮助	0	2	2
常	0	4	4
幅	0	1	1
幡然	0	1	1
平安	0	1	1
平整	0	1	1
平稳	0	2	2
平衡	0	1	1
年复一年	0	1	1
年轻	0	2	2
年轻人	0	1	1
年青	0	1	1
并不	0	1	1
并非	0	2	2
幸福	0	6	6
幻境	0	1	1
幻影	0	1	1
幼时	0	1	1
幽怨	0	2	2
幽暗	0	3	3
幽灵	0	2	2
广	0	1	1
庆典	0	1	1
庇护	0	1	1
应	0	2	2
底层	0	1	1
康复	0	1	1
廊	0	1	1
延	0	1	1
延宕	0	1	1
延续	0	1	1
建树	0	1	1
建设	0	1	1
建造	0	1	1
开始	0	1	1
开拓	0	1	1
开放	0	2	2
开端	0	3	3
开花	0	2	2
弃	0	1	1
弓	0	1	1
弗	0	3	3
张力	0	1	1
张开	0	2	2
弥漫	0	1	1
弦	0	2	2
弯曲	0	1	1
弹奏	0	1	1
强力	0	1	1
强大	0	0	0
强悍	0	1	1
强暴	0	1	1
强者	0	1	1
归于	0	1	1
归根	0	1	1
归还	0	2	2
当初	0	2	2
当然	0	1	1
形	0	1	1
形影	0	1	1
形态	0	1	1
形成	0	1	1
影	0	2	2
彼	0	2	2
彼处	0	1	1
彼此	0	1	1
往常	0	1	1
征兆	0	1	1
征服	0	1	1
待	0	1	1
很	0	3	3
很多	0	3	3
律	0	0	0
律动	0	1	1
律狄	0	1	1
得胜	0	1	1
微妙	0	1	1
微风	0	2	2
心中	0	2	2
心路	0	1	1
必	0	1	1
必须	0	1	1
忌	0	1	1
忏悔	0	1	1
忘怀	0	1	1
忘掉	0	1	1
忧虑	0	1	1
快	0	1	1
快乐	0	1	1
快活	0	1	1
怀抱	0	1	1
怀疑	0	1	1
怎	0	2	2
怏怏不乐	0	1	1
怜悯	0	1	1
思忖	0	1	1
急	0	1	1
急功近利	0	1	1
性	0	3	3
总	0	1	1
总和	0	1	1
总是	0	7	7
恍若	0	3	3
恐惧	0	2	2
恒	0	1	1
恩赐	0	1	1
恪守	0	1	1
悄悄	0	3	3
悄然	0	1	1
您	0	1	1
悲哀	0	1	1
悼念	0	1	1
情	0	1	1
情人	0	1	1
情侣	0	1	1
情感	0	1	1
情愫	0	1	1
惊叹	0	2	2
惊奇	0	2	2
惊讶	0	2	2
惨	0	1	1
惶然	0	1	1
愈加	0	2	2
愉悦	0	2	2
意	0	0	0
意中	0	1	1
意味	0	0	0
意味着	0	1	1
感	0	1	1
感动	0	1	1
感化	0	1	1
感受者	0	1	1
感应	0	2	2
感激	0	1	1
感觉	0	11	11
慢	0	2	2
慢慢	0	1	1
慰藉	0	1	1
憔悴	0	1	1
懂	0	1	1
懊悔	0	2	2
懦弱	0	1	1
成功	0	1	1
成果	0	1	1
戒指	0	1	1
或然	0	0	0
或然性	0	2	2
或者	0	1	1
或许	0	6	6
房屋	0	1	1
所	0	5	5
所在	0	1	1
所有	0	1	1
手	0	6	6
手势	0	1	1
手指	0	5	5
手植	0	1	1
手镯	0	1	1
才	0	3	3
才是	0	2	2
打	0	1	1
打扮	0	1	1
打断	0	1	1
扫	0	1	1
扭曲	0	2	2
承	0	2	2
承担	0	1	1
承载	0	5	5
抑或	0	2	2
抓住	0	1	1
投	0	3	3
投下	0	1	1
抗	0	1	1
抚慰	0	1	1
抛	0	3	3
报偿	0	2	2
报道	0	0	0
报道者	0	1	1
抬起	0	1	1
抹	0	1	1
拍击	0	1	1
拒斥	0	1	1
拓展	0	1	1
拔节	0	1	1
招引	0	1	1
招徕	0	1	1
拜倒	0	1	1
拨	0	1	1
拱	0	2	2
拱门	0	1	1
拼搏	0	1	1
拽	0	1	1
拿	0	1	1
持久	0	1	1
挂	0	2	2
指	0	1	1
挟	0	1	1
挠	0	1	1
挤压	0	2	2
挥霍	0	0	0
挥霍者	0	1	1
挪开	0	1	1
振荡	0	1	1
挺立	0	1	1
捉住	0	1	1
捎	0	1	1
捏合	0	1	1
损失	0	1	1
捧	0	1	1
捩	0	1	1
捱	0	2	2
掀	0	1	1
掀动	0	1	1
掌握	0	1	1
掠过	0	2	2
探险	0	0	0
探险者	0	1	1
描	0	1	1
描绘	0	1	1
提升	0	2	2
揭开	0	1	1
揭穿	0	1	1
搏	0	1	1
摆	0	2	2
摇曳	0	2	2
摈弃	0	1	1
摧毁	0	2	2
撕裂	0	2	2
撞击	0	1	1
擅长	0	1	1
操劳	0	1	1
攀	0	1	1
支承	0	1	1
支撑	0	1	1
收容	0	3	3
收获	0	1	1
放射	0	1	1
放纵	0	1	1
放过	0	2	2
放逐	0	1	1
故	0	1	1
故乡	0	1	1
效劳	0	1	1
效忠	0	1	1
教	0	1	1
教导	0	1	1
教育	0	1	1
教诲	0	1	1
敞开	0	6	6
敢	0	1	1
散	0	1	1
散发	0	1	1
散步	0	1	1
数	0	1	1
整饬	0	1	1
斤	0	1	1
斧	0	1	1
断头	0	0	0
断头台	0	1	1
断言	0	1	1
斯	0	4	4
新事物	0	1	1
方	0	1	1
施	0	1	1
旁观	0	0	0
旁观者	0	1	1
旋	0	1	1
旋即	0	1	1
旋转	0	1	1
族	0	2	2
旗帜	0	1	1
无一	0	1	1
无与伦比	0	1	1
无人	0	1	1
无休止	0	1	1
无尽	0	1	1
无止境	0	1	1
无用	0	1	1
无缘	0	1	1
无花	0	0	0
无花果	0	1	1
无论	0	1	1
无限	0	7	7
日复一日	0	1	1
日子	0	2	2
日日	0	1	1
日益	0	0	0
日益强大	0	1	1
早已	0	4	4
时候	0	1	1
时分	0	1	1
时刻	0	2	2
时时刻刻	0	1	1
时空	0	1	1
时辰	0	2	2
时针	0	1	1
时间	0	5	5
明	0	1	1
明亮	0	1	1
明晰	0	1	1
明镜	0	2	2
昏暗	0	1	1
昔	0	3	3
星座	0	4	4
星空	0	1	1
春日	0	2	2
昭示	0	1	1
昼	0	1	1
显	0	1	1
显出	0	1	1
显影	0	1	1
晨	0	2	2
景物	0	1	1
暗暗	0	1	1
暗示	0	1	1
暮霭	0	1	1
曲线	0	2	2
曾	0	4	4
最	0	12	12
最初	0	1	1
最早	0	1	1
最最	0	1	1
最终	0	5	5
月	0	1	1
有感而发	0	1	1
有若	0	1	1
服侍	0	1	1
期求	0	1	1
朦	0	1	1
木桩	0	1	1
本	0	3	3
本是	0	1	1
本源	0	1	1
本质	0	1	1
朵	0	1	1
机器	0	2	2
机械	0	1	1
朽坏	0	1	1
杀戮	0	1	1
村庄	0	1	1
束缚	0	1	1
条件	0	1	1
条纹	0	1	1
来临	0	1	1
来自	0	2	2
杨	0	1	1
杨柳	0	1	1
杯盏	0	1	1
松懈	0	1	1
松散	0	1	1
极	0	3	3
构成	0	2	2
枉费	0	1	1
林克	0	2	2
枚	0	1	1
果实	0	8	8
果敢	0	1	1
果橙	0	1	1
果汁	0	1	1
果皮	0	1	1
果肉	0	1	1
枝	0	4	4
枯萎	0	2	2
某	0	1	1
某个	0	3	3
某些	0	1	1
柔和	0	2	2
柔情	0	1	1
柔情者	0	1	1
柔软	0	1	1
柱	0	1	1
柳枝	0	1	1
栅	0	1	1
树冠	0	1	1
树干	0	1	1
树林	0	2	2
树枝	0	2	2
树皮	0	1	1
栖居	0	1	1
根基	0	1	1
根底	0	1	1
桌上	0	1	1
桌面	0	1	1
梦境	0	1	1
梨	0	1	1
森然	0	1	1
棺	0	1	1
植	0	1	1
楔子	0	1	1
榨	0	1	1
模糊	0	1	1
模糊不清	0	1	1
橙	0	4	4
橡树	0	1	1
橱柜	0	1	1
次第	0	1	1
欢乐	0	3	3
欢庆	0	1	1
欢快	0	1	1
欢欣	0	1	1
欣喜	0	3	3
欣然	0	1	1
欧	0	1	1
欲	0	3	3
欲望	0	1	1
欲求	0	1	1
歌	0	6	6
歌咏	0	1	1
歌喉	0	2	2
歌手	0	1	1
止	0	0	0
止不住	0	1	1
止境	0	0	0
正在	0	4	4
正该	0	1	1
此	0	9	9
此刻	0	2	2
此地	0	1	1
此间	0	5	5
步伐	0	1	1
步入	0	1	1
步子	0	1	1
死于	0	1	1
死者	0	12	12
毁损	0	1	1
毁灭	0	3	3
毁灭性	0	1	1
每	0	0	0
每一	0	1	1
每一个	0	1	1
每个	0	2	2
每逢	0	2	2
毛皮	0	1	1
毫不	0	1	1
气味	0	1	1
气息	0	2	2
水平	0	1	1
水池	0	1	1
水罐	0	4	4
永恒	0	4	4
永胜	0	1	1
汁	0	1	1
求	0	1	1
求知	0	1	1
池塘	0	1	1
汩汩	0	1	1
汽锤	0	1	1
沉入	0	1	1
沉寂	0	4	4
沉溺	0	1	1
沉着	0	1	1
沉睡	0	1	1
沉闷	0	1	1
沉降	0	1	1
沉静	0	5	5
沉默	0	4	4
沉默者	0	1	1
没人	0	1	1
河曲	0	1	1
河滩	0	1	1
油	0	1	1
沿	0	1	1
沿街	0	1	1
泅	0	1	1
泉	0	3	3
泉水	0	3	3
泉源	0	2	2
波浪	0	1	1
泣	0	0	0
泣鬼神	0	1	1
注	0	1	1
注入	0	1	1
泪	0	1	1
泪痕	0	1	1
洞	0	2	2
活	0	1	1
派遣	0	1	1
流动	0	1	1
流水	0	1	1
流淌	0	1	1
流溢	0	1	1
流过	0	2	2
流逝	0	3	3
浇灌	0	1	1
浓	0	1	1
浓缩	0	1	1
海湾	0	1	1
涅	0	1	1
消失	0	2	2
消歇	0	1	1
消逝	0	2	2
涌入	0	2	2
涌动	0	2	2
淫	0	1	1
深度	0	1	1
深深的	0	1	1
深藏	0	0	0
深藏不露	0	1	1
淳	0	1	1
混浊	0	1	1
清	0	0	0
清凉	0	1	1
清晰	0	4	4
清澈	0	1	1
清辉	0	1	1
清醒	0	1	1
渐渐	0	4	4
渔网	0	1	1
渗透	0	1	1
渠	0	2	2
温和	0	1	1
温暖	0	4	4
温馨	0	1	1
渴望	0	1	1
渴求	0	1	1
游伴	0	2	2
游移	0	1	1
源	0	1	1
源头	0	1	1
源泉	0	1	1
溶洞	0	1	1
滋味	0	1	1
满足	0	1	1
满载	0	1	1
漂流	0	1	1
漠	0	1	1
漠然	0	1	1
漫溢	0	1	1
澄	0	1	1
澡盆	0	1	1
激流	0	1	1
濒于	0	1	1
灌木丛	0	1	1
灵	0	2	2
炫耀	0	2	2
炱	0	1	1
点数	0	1	1
烙	0	1	1
烛光	0	1	1
烟	0	2	2
焉	0	1	1
焕然一新	0	2	2
然	0	0	0
然后	0	1	1
熟谙	0	1	1
燃烧	0	1	1
爱情	0	1	1
父母	0	1	1
片段	0	1	1
片片	0	2	2
牛奶	0	1	1
牧童	0	1	1
物	0	10	10
物欲	0	1	1
牵	0	1	1
特	0	1	1
特性	0	1	1
牺	0	1	1
狂	0	1	1
狂奔	0	1	1
狄	0	0	0
狗	0	1	1
狡黠	0	1	1
独	0	3	3
独特	0	1	1
独自	0	2	2
狮子	0	1	1
猎	0	1	1
猎人	0	2	2
猜	0	2	2
玉成	0	1	1
王	0	1	1
玩	0	1	1
玫瑰	0	4	4
环	0	2	2
现在	0	4	4
玻璃	0	1	1
珍贵	0	1	1
球	0	1	1
理解	0	2	2
琉	0	1	1
琴	0	3	3
瓦解	0	1	1
甚	0	1	1
甚至	0	2	2
甜美	0	4	4
甜蜜	0	1	1
生存	0	3	3
生成	0	2	2
生日	0	1	1
生还	0	1	1
用人	0	1	1
甫	0	1	1
田里	0	1	1
男人	0	2	2
画稿	0	1	1
画面	0	1	1
界	0	1	1
畏惧	0	1	1
留	0	2	2
留下	0	3	3
留驻	0	1	1
略	0	1	1
疯狂	0	1	1
疾速	0	2	2
痉挛	0	1	1
痕	0	1	1
痕迹	0	1	1
痛苦	0	1	1
白花	0	1	1
皆	0	1	1
皈依	0	1	1
皈依者	0	1	1
皮球	0	1	1
益发	0	1	1
盘	0	1	1
盛	0	1	1
目	0	1	1
目光	0	2	2
盲目	0	1	1
直到	0	4	4
相	0	1	1
相互	0	1	1
相亲	0	1	1
相信	0	2	2
相识	0	1	1
眉	0	1	1
看轻	0	1	1
真	0	5	5
真实	0	4	4
真是	0	1	1
真正	0	3	3
真理	0	1	1
眠床	0	1	1
眩晕	0	1	1
眩目	0	1	1
眼睛	0	1	1
眼里	0	1	1
着水	0	1	1
睁开	0	1	1
睡眠	0	1	1
瞧	0	3	3
矛盾	0	1	1
矢	0	2	2
知悉	0	2	2
石	0	1	1
石头	0	1	1
矿砂	0	1	1
破晓	0	1	1
破碎	0	1	1
砸	0	1	1
硕大	0	1	1
硕果	0	1	1
碎	0	1	1
祗	0	1	1
祝愿	0	1	1
神力	0	1	1
神化	0	1	1
神奇	0	1	1
神庙	0	3	3
神灵	0	4	4
神秘	0	1	1
神经	0	1	1
祭司	0	1	1
祭坛	0	1	1
禀赋	0	1	1
禁苑	0	1	1
福	0	1	1
离别	0	1	1
离去	0	1	1
离奇	0	1	1
离开	0	1	1
离弃	0	1	1
禽	0	1	1
种	0	6	6
称	0	1	1
称呼	0	1	1
移	0	1	1
稀罕	0	1	1
稍	0	1	1
稍候	0	1	1
稚拙	0	1	1
稳重	0	1	1
究竟	0	1	1
穷尽	0	2	2
空虚	0	1	1
空间	0	9	9
空隙	0	2	2
穿廊	0	1	1
穿越	0	2	2
穿过	0	2	2
穿透	0	2	2
突然	0	3	3
窥	0	1	1
窥见	0	1	1
立	0	2	2
竟	0	4	4
竟然	0	1	1
童子	0	2	2
童年	0	4	4
端	0	1	1
笑声	0	1	1
笑靥	0	1	1
笔直	0	1	1
笔触	0	1	1
筛	0	1	1
筹划	0	1	1
箭	0	2	2
箴言	0	1	1
篇	0	1	1
粉	0	1	1
粗暴	0	1	1
粗犷	0	1	1
粲然一笑	0	1	1
精神	0	1	1
精通	0	1	1
精髓	0	1	1
紊乱	0	1	1
素材	0	1	1
索斯	0	1	1
紧张	0	1	1
紧要	0	1	1
累	0	2	2
繁复	0	1	1
红彤彤	0	1	1
约	0	1	1
纯	0	1	1
纯净	0	5	5
纯真	0	2	2
纯粹	0	8	8
纳	0	3	3
纳入	0	1	1
纵然	0	3	3
纸牌	0	1	1
线	0	1	1
织物	0	1	1
终于	0	3	3
终归	0	1	1
终究	0	3	3
终结	0	2	2
经	0	1	1
结交	0	1	1
结合	0	2	2
结果	0	3	3
绘	0	1	1
绚丽	0	1	1
绝不	0	2	2
绝无	0	1	1
统治	0	1	1
继续	0	1	1
绵延	0	1	1
绸缎	0	1	1
绽放	0	1	1
绿	0	1	1
缄默	0	1	1
缔结	0	1	1
缕	0	1	1
缕缕	0	1	1
缘于	0	3	3
缘故	0	1	1
缺陷	0	1	1
罂粟	0	1	1
罗马	0	1	1
罪	0	1	1
罪孽	0	1	1
置	0	1	1
羁	0	1	1
羁绊	0	1	1
羊羔	0	2	2
美	0	1	1
美丽	0	3	3
美名	0	1	1
群	0	1	1
翌日	0	1	1
翩翩	0	1	1
翻飞	0	1	1
老师	0	3	3
而	0	19	19
而是	0	2	2
耐	0	1	1
耗	0	2	2
耳朵	0	2	2
聆听	0	6	6
肌腱	0	3	3
肢	0	1	1
肥料	0	1	1
胜过	0	1	1
胡须	0	1	1
能力	0	2	2
能否	0	2	2
脆弱	0	1	1
脖子	0	1	1
脖颈	0	2	2
脱出	0	1	1
脱离	0	2	2
脸	0	4	4
脸庞	0	1	1
腹	0	1	1
臆想	0	1	1
自	0	2	2
自信	0	1	1
自由	0	7	7
自言自语	0	1	1
至	0	1	1
致	0	1	1
致力	0	1	1
舌	0	1	1
舞	0	2	2
舞女	0	1	1
舞步	0	1	1
般	0	1	1
良辰	0	1	1
艰巨	0	1	1
艰辛	0	1	1
艰难	0	1	1
节奏	0	1	1
节拍	0	1	1
芬芳	0	1	1
花儿	0	3	3
花园	0	6	6
花期	0	1	1
花枝	0	1	1
花瓣	0	4	4
花瓶	0	1	1
花纹	0	1	1
花萼	0	2	2
芳香	0	1	1
芸香	0	1	1
苍白	0	2	2
苍老	0	2	2
苏	0	1	1
苛刻	0	1	1
若	0	6	6
若是	0	1	1
苦	0	2	2
苦难	0	2	2
苹果	0	2	2
草原	0	4	4
草棚	0	1	1
荣耀	0	3	3
荫蔽	0	1	1
莅临	0	1	1
莲花	0	1	1
获取	0	1	1
获得	0	2	2
葡萄	0	2	2
葡萄园	0	1	1
葡萄酒	0	1	1
蒙住	0	1	1
蓄意	0	2	2
蓝	0	1	1
蓝堇	0	1	1
蕴藏	0	1	1
薄弱	0	0	0
薄弱量	0	1	1
虫子	0	1	1
蚀	0	2	2
蝴蝶	0	1	1
行动	0	2	2
行走	0	1	1
衣衫	0	1	1
衰竭	0	1	1
装束	0	1	1
裹	0	1	1
褐色	0	1	1
见于	0	1	1
观	0	2	2
观望	0	0	0
观望者	0	1	1
规则	0	1	1
规避	0	1	1
角	0	3	3
角落	0	1	1
解脱	0	1	1
触动	0	2	2
言喻	0	1	1
警告	0	1	1
譬如	0	2	2
计	0	1	1
计数	0	1	1
认清	0	1	1
认知	0	1	1
设拉子	0	1	1
证明	0	1	1
识	0	1	1
诉说	0	1	1
译	0	2	2
诗歌	0	1	1
话	0	1	1
话头	0	1	1
话语	0	2	2
诞	0	1	1
诞生	0	1	1
该	0	2	2
诧异	0	1	1
语言	0	1	1
说话	0	1	1
请	0	5	5
读	0	1	1
调	0	1	1
调理	0	2	2
谈何容易	0	1	1
谋求	0	1	1
谎言	0	1	1
谛听	0	1	1
谷粒	0	1	1
负	0	1	1
贡	0	1	1
贡品	0	1	1
贪恋	0	1	1
贫困	0	1	1
贴近	0	1	1
赋予	0	2	2
赐予	0	2	2
赚	0	1	1
赞美	0	13	13
赞美者	0	1	1
赞赏	0	1	1
赠	0	2	2
赢得	0	3	3
走动	0	1	1
走近	0	1	1
起伏	0	1	1
起舞	0	1	1
趁	0	1	1
超出	0	2	2
超升	0	1	1
超脱	0	1	1
超过	0	1	1
越来越	0	1	1
趋	0	1	1
趋向	0	1	1
足	0	2	2
跑来	0	1	1
跟	0	3	3
跨入	0	1	1
跳	0	3	3
跳出	0	1	1
践踏	0	1	1
踌躇	0	2	2
踏踏	0	1	1
踪迹	0	1	1
蹄	0	1	1
身后	0	2	2
车辆	0	1	1
转动	0	1	1
转化	0	1	1
转变	0	2	2
转向	0	4	4
转折	0	2	2
转折点	0	1	1
转换	0	1	1
转眼	0	2	2
转身	0	1	1
轮子	0	1	1
轮廓	0	1	1
轰响	0	1	1
轻	0	3	3
轻微	0	1	1
轻松	0	2	2
轻率	0	2	2
轻而易举	0	1	1
轻轻	0	1	1
较	0	1	1
辉煌	0	1	1
辛勤	0	1	1
达	0	1	1
迅捷	0	1	1
迅疾	0	1	1
过冬	0	1	1
过客	0	1	1
过往	0	1	1
迎	0	1	1
迎候	0	1	1
运筹	0	1	1
近	0	1	1
返	0	2	2
这种	0	1	1
进	0	5	5
进攻	0	1	1
进程	0	1	1
远在	0	1	1
远扬	0	1	1
远离	0	2	2
远远	0	1	1
连	0	2	2
迟滞	0	1	1
迦	0	1	1
迫	0	1	1
迫近	0	1	1
述	0	1	1
追	0	1	1
追索	0	1	1
送	0	1	1
适	0	1	1
逆	0	1	1
透	0	1	1
透亮	0	1	1
透过	0	1	1
逗留	0	1	1
逝	0	5	5
造就	0	1	1
造物	0	1	1
造物主	0	1	1
造福	0	1	1
逡巡	0	1	1
逸散	0	1	1
逾分	0	1	1
逾越	0	1	1
遇	0	2	2
遍	0	2	2
遗忘	0	1	1
遣散	0	1	1
遥远	0	5	5
避免	0	1	1
那时	0	1	1
那里	0	3	3
邻人	0	1	1
部	0	4	4
部分	0	2	2
都市	0	1	1
鄙弃	0	1	1
配	0	1	1
酒	0	1	1
酒吧	0	1	1
酣畅	0	1	1
酿造	0	1	1
醉	0	1	1
醋栗	0	1	1
醒	0	2	2
醒来	0	2	2
采撷	0	1	1
释放	0	2	2
重	0	1	1
重建	0	1	1
重生	0	1	1
重逢	0	1	1
重霄	0	1	1
野外	0	1	1
量	0	1	1
金钱	0	3	3
钉耙	0	1	1
钟	0	4	4
钟情	0	1	1
钢铁	0	1	1
铁	0	1	1
铃	0	1	1
铜币	0	1	1
铭	0	1	1
铭刻	0	1	1
银	0	2	2
银行	0	1	1
铸成	0	1	1
铺	0	2	2
销魂	0	2	2
锁住	0	1	1
锅炉	0	1	1
锋	0	1	1
锋利	0	2	2
锤	0	1	1
镇定	0	1	1
镇纸	0	1	1
镜	0	1	1
镜像	0	1	1
长毛	0	1	1
长眠	0	2	2
长驻	0	1	1
门	0	3	3
闪耀	0	1	1
闭合	0	1	1
问候	0	1	1
间歇	0	1	1
间隔	0	1	1
间隙	0	1	1
闻	0	1	1
闻所未闻	0	1	1
阗	0	1	1
阙如	0	1	1
阳台	0	1	1
阴影	0	3	3
阿波罗	0	1	1
除非	0	2	2
险	0	1	1
陵寝	0	1	1
陶罐	0	1	1
陶醉	0	2	2
陷阱	0	1	1
随即	0	1	1
随后	0	1	1
隐密	0	1	1
隐秘	0	1	1
隐身	0	1	1
难以	0	2	2
难以置信	0	1	1
难过	0	1	1
难道	0	1	1
雕像	0	1	1
雷	0	1	1
震撼	0	1	1
震耳欲聋	0	1	1
震荡	0	2	2
震颤	0	1	1
霉烂	0	1	1
露	0	0	0
青春	0	1	1
青苗	0	1	1
青铜	0	1	1
非	0	2	2
非人	0	1	1
靠	0	6	6
面包	0	1	1
面孔	0	2	2
面目	0	1	1
面纱	0	2	2
面罩	0	1	1
韵味	0	2	2
项	0	1	1
顺从	0	1	1
须	0	4	4
须知	0	1	1
颂扬	0	2	2
预料	0	1	1
领先	0	1	1
颌	0	1	1
颗	0	1	1
颤栗	0	1	1
风儿	0	3	3
风帆	0	1	1
风景	0	1	1
风筝	0	1	1
飘散	0	1	1
飘然	0	1	1
飞笔	0	1	1
飨	0	1	1
餐桌	0	1	1
饮	0	2	2
饲养	0	1	1
饶	0	1	1
香蕉	0	1	1
驱使	0	1	1
驱策	0	1	1
驱车	0	1	1
驱逐	0	1	1
驶过	0	1	1
驻	0	2	2
验证	0	1	1
骏马	0	1	1
骑士	0	1	1
骗局	0	1	1
高官	0	1	1
高悬	0	1	1
鬃毛	0	1	1
鬼	0	0	0
鬼神	0	0	0
魔幻	0	1	1
鱼	0	3	3
鸟儿	0	1	1
鸣响	0	3	3
鸽子	0	1	1
鹿	0	1	1
黄色	0	1	1
黄金	0	1	1
黑	0	1	1
黑暗	0	1	1
黑色	0	1	1
黯然	0	1	1
鼓荡	0	1	1
．	0	1	1
